35,52
35,51
35,50
35,49
35,48
35,47
35,46
35,45
35,44
35,43
35,42
35,41
35,40
35,39
35,38
35,37
35,36
0,459
0,458
0,457
0,456
0,455
0,454
0,386
35,35
10,33
10,241
10,211
10,273
10,97
10,123
10,71
10,301
11,15
11,9
33,4
33,3
33,2
33,1
33,0
29,4
29,3
29,2
29,1
29,0
26,4
26,3
26,2
26,1
26,0
20,3
20,2
20,1
19,3
19,2
19,1
18,3
18,1
14,3
14,1
13,3
13,1
12,3
12,2
12,1
11,27
11,26
11,25
11,24
11,23
11,22
11,21
11,20
11,19
11,16
11,14
11,6
11,4
11,3
11,2
11,1
10,262
10,260
10,220
10,186
10,176
10,132
10,30
10,4
10,3
10,2
10,1
9,7
9,6
9,5
9,4
9,3
9,2
